ARMA_MAT_TXT_FN008
10 10
  -3.6259806567e-01  -2.1750935369e-01  -9.3274463024e-02   4.7187551801e-02   1.8959261659e-02   6.9540692315e-01   1.4837842824e-01   4.3351324367e-01   3.4107631314e-01  -7.2352725940e-03
   5.5162762859e-01  -3.8113981875e-02  -2.3502728030e-01  -9.9516007030e-02   5.7547288709e-01  -8.9174576076e-02  -9.2521792522e-02   4.7101993381e-01   9.8286944490e-02  -2.2340880295e-01
   4.7225400085e-01  -2.6889739935e-01   4.6575924107e-01   1.1900579158e-01  -2.8932864942e-01   3.8016166136e-01  -3.0826036238e-01  -1.1780878827e-01  -4.1479959368e-02  -3.6704004339e-01
   2.5960841511e-01   1.8494394805e-01   1.9501313410e-01   3.1836154955e-01   5.2234521022e-02  -7.2169425534e-02   5.9089196286e-01  -2.3402808513e-01   5.8670507484e-01  -5.4155662411e-02
  -1.8745912295e-01   4.2207406729e-01   3.7216536153e-01  -2.3924965022e-01   5.2091971223e-01   2.4435146389e-01  -3.6639603670e-01  -2.8517871675e-01   2.0079941162e-01   6.3298997633e-02
   2.5889270365e-01   4.6371903347e-01  -2.0326573816e-01   5.6523137295e-01  -8.9078976539e-02   2.7526809312e-01  -2.1433059809e-01   1.1098598532e-01  -1.5768952905e-01   4.3624155210e-01
  -2.7911984126e-01   6.6946335461e-02   7.9171678496e-02   4.6877445908e-01   3.6400627234e-01   6.5103324666e-02   2.3169311287e-01  -4.7657119421e-02  -5.0099574989e-01  -4.9789959233e-01
   2.6822944953e-01   3.1338984577e-01  -2.9394053567e-02  -5.1773355534e-01  -8.3736845007e-02   3.8740551946e-01   4.9817485551e-01  -4.8684460019e-02  -3.9105190872e-01   1.9049092456e-02
   7.7983611672e-02  -4.1184431594e-01   5.0266671485e-01   7.5362986441e-02   3.0048675540e-01  -4.0537829677e-02   2.0758334397e-01   1.4025292646e-01  -2.4272548621e-01   5.9357932432e-01
  -1.2532561502e-01   4.2336074691e-01   4.9139622611e-01  -4.6362021222e-02  -2.7006455474e-01  -2.5938549582e-01   1.0554916638e-02   6.3529629608e-01   6.5424484502e-03  -1.3216727004e-01
