ARMA_MAT_TXT_FN008
100 10
   1.3279908122e-01   1.2142622908e-01   1.1269987474e-01   1.0480634951e-01   1.0230237100e-01   9.6276710535e-02   9.0050646721e-02   8.7881321466e-02   8.0915526014e-02   7.0841889721e-02
   1.2887569670e-01   1.2301375389e-01   1.1292331427e-01   1.0692733571e-01   9.8644558929e-02   9.7612353568e-02   9.5190347696e-02   8.3318902877e-02   7.9071737851e-02   7.4421998504e-02
   1.2578280432e-01   1.1956196142e-01   1.1299758147e-01   1.0731141882e-01   1.0300825370e-01   9.6451442724e-02   9.3017556553e-02   8.5152527037e-02   8.1213104689e-02   7.5503349268e-02
   1.2787827502e-01   1.1708845717e-01   1.1198294500e-01   1.0911669196e-01   1.0380411120e-01   9.5574170588e-02   9.4144449799e-02   8.5095551347e-02   7.9587607012e-02   7.5727740910e-02
   1.4087305309e-01   1.2036186403e-01   1.0896230176e-01   1.0463916404e-01   1.0412858546e-01   9.3480253178e-02   9.2831133051e-02   8.5442533200e-02   7.7901783234e-02   7.1379328966e-02
   1.3306490973e-01   1.2274953959e-01   1.0732198034e-01   1.0636529838e-01   1.0172509619e-01   9.3316910198e-02   9.1294037968e-02   8.4849496194e-02   8.3560316605e-02   7.5752414806e-02
   1.3954350688e-01   1.1548781282e-01   1.0977009404e-01   1.0737739679e-01   9.9753966364e-02   9.6808194026e-02   8.9036693864e-02   8.5922447554e-02   7.9671666516e-02   7.6628221146e-02
   1.3023874780e-01   1.2109447678e-01   1.2065234603e-01   1.1026341463e-01   9.9358856064e-02   9.3213502832e-02   8.9008651587e-02   8.5198910252e-02   7.7261246735e-02   7.3709847307e-02
   1.3097700873e-01   1.2072069591e-01   1.1879917501e-01   1.0966330075e-01   1.0626995045e-01   9.5968933028e-02   9.2339322922e-02   8.1749845876e-02   7.4047369618e-02   6.9464397711e-02
   1.2749819448e-01   1.2450037577e-01   1.1060455660e-01   1.0279188357e-01   1.0265823648e-01   9.9149904210e-02   9.3354981950e-02   8.5390068860e-02   8.1865443182e-02   7.2186354888e-02
   1.2398142854e-01   1.2169458593e-01   1.1269644608e-01   1.0777078016e-01   1.0353650439e-01   9.6366836531e-02   9.3984382671e-02   8.7411855821e-02   8.0092521667e-02   7.2464658198e-02
   1.2525962408e-01   1.2217873363e-01   1.1225364981e-01   1.0940322159e-01   1.0122419036e-01   9.5546868651e-02   8.9147567300e-02   8.5573569110e-02   8.3554924652e-02   7.5857650825e-02
   1.2471617130e-01   1.2171163572e-01   1.1419228983e-01   1.0553143285e-01   1.0332383741e-01   9.6466227612e-02   9.0925123139e-02   8.7218589197e-02   8.0320377116e-02   7.5594315827e-02
   1.3763084046e-01   1.2434133588e-01   1.1915734545e-01   1.0552411812e-01   1.0125128763e-01   9.7899201419e-02   8.7332100353e-02   8.1332253820e-02   7.6830620615e-02   6.8700896249e-02
   1.3105805336e-01   1.1839646333e-01   1.1545485610e-01   1.1123155046e-01   1.0596449631e-01   9.6207033798e-02   9.0508067120e-02   8.1272540036e-02   7.7401993791e-02   7.2504945687e-02
   1.2858384332e-01   1.2432955123e-01   1.1622351695e-01   1.1183680476e-01   1.0568534924e-01   9.4555227758e-02   9.0050682066e-02   8.3595190552e-02   7.5539298606e-02   6.9600535520e-02
   1.3737618535e-01   1.1969986602e-01   1.1397704164e-01   1.0554847705e-01   1.0003511028e-01   9.5290362442e-02   9.2402151244e-02   8.5087078594e-02   7.7810697270e-02   7.2773030109e-02
   1.3086779065e-01   1.2614851339e-01   1.2512261927e-01   1.0675731195e-01   1.0074461439e-01   9.1741773231e-02   8.9057277688e-02   8.1706592052e-02   7.5284592146e-02   7.2568915221e-02
   1.3514778199e-01   1.2275117418e-01   1.1575020337e-01   1.0418291706e-01   9.9796984400e-02   9.7295728187e-02   8.8545908182e-02   8.5147759147e-02   8.0995406703e-02   7.0386136783e-02
   1.3436716477e-01   1.2921637542e-01   1.1468866483e-01   1.0728562049e-01   1.0205178120e-01   9.0376026859e-02   8.9786939441e-02   8.5805587434e-02   7.7873309282e-02   6.8548530278e-02
   1.2893265588e-01   1.1810590139e-01   1.1058320774e-01   1.0699110968e-01   1.0468045645e-01   9.5714757005e-02   9.0482445742e-02   8.7386309463e-02   8.3903943929e-02   7.3219212725e-02
   1.3159980566e-01   1.2271960984e-01   1.1553314784e-01   1.0741648231e-01   1.0261954926e-01   9.2695572917e-02   8.7018653182e-02   8.4018358939e-02   7.9998190926e-02   7.6380629127e-02
   1.3152534652e-01   1.1871744792e-01   1.1527771807e-01   1.0448896818e-01   1.0313159347e-01   9.9454211488e-02   9.4490272354e-02   8.5672478455e-02   7.8210099894e-02   6.9031863655e-02
   1.3451473046e-01   1.1813562766e-01   1.1343840276e-01   1.0893807584e-01   1.0491214238e-01   9.2725392656e-02   8.8333804347e-02   8.4310100798e-02   7.9261343771e-02   7.5430379321e-02
   1.2356927242e-01   1.2141501316e-01   1.1413804666e-01   1.0671807913e-01   1.0392928125e-01   9.5382970201e-02   9.3046345817e-02   8.3883394784e-02   8.0572101344e-02   7.7345495241e-02
   1.3610500188e-01   1.2235450385e-01   1.1670851970e-01   1.0932769939e-01   1.0108292638e-01   9.4248780435e-02   9.1023329590e-02   8.8150787322e-02   7.7582838938e-02   6.3415612516e-02
   1.3151541616e-01   1.2403589239e-01   1.1010693479e-01   1.0891206978e-01   1.0306075592e-01   9.3083706034e-02   9.1277141996e-02   8.4264319356e-02   8.2571194613e-02   7.1172568956e-02
   1.3372370054e-01   1.1963160592e-01   1.1273168454e-01   1.1198007703e-01   1.0072914802e-01   9.8917153027e-02   9.6863380590e-02   8.4566616256e-02   7.4600098275e-02   6.6256535813e-02
   1.3088620961e-01   1.2138726417e-01   1.1524437136e-01   1.1062095373e-01   1.0399307585e-01   9.7157943811e-02   8.6689462566e-02   8.5193488183e-02   7.8375067326e-02   7.0452163390e-02
   1.3311714613e-01   1.1351946261e-01   1.1193332659e-01   1.1065269298e-01   1.0244638241e-01   9.8691306191e-02   9.2823023266e-02   8.4635249557e-02   8.2361948750e-02   6.9819461529e-02
   1.3325414014e-01   1.2610296809e-01   1.2008932300e-01   1.0816766457e-01   1.0069186058e-01   9.6211956847e-02   8.5792770921e-02   8.1371049461e-02   7.9668185709e-02   6.8650080679e-02
   1.3550578541e-01   1.2160360276e-01   1.1385724501e-01   1.1045814060e-01   1.0256497207e-01   9.5936820982e-02   8.9920785866e-02   8.1863424210e-02   7.9760007551e-02   6.8529215533e-02
   1.2134060121e-01   1.2066122972e-01   1.1567244563e-01   1.1108529403e-01   1.0388712765e-01   9.6873886928e-02   9.2638823161e-02   8.5918181694e-02   7.9915673380e-02   7.2006736598e-02
   1.3176564950e-01   1.1948776980e-01   1.1346166737e-01   1.0643796059e-01   1.0420885022e-01   9.5396410351e-02   8.9569409100e-02   8.3024289323e-02   7.9856814450e-02   7.6791179289e-02
   1.3025749851e-01   1.1690974994e-01   1.1312542674e-01   1.0461123499e-01   1.0006553172e-01   9.7955868155e-02   9.3682033924e-02   8.7734664467e-02   8.0390074008e-02   7.5267917532e-02
   1.3579842379e-01   1.1690141222e-01   1.1189649692e-01   1.0537078008e-01   1.0433751136e-01   9.7215531887e-02   8.6833285923e-02   8.5288571591e-02   8.1500903327e-02   7.4857082895e-02
   1.3088768244e-01   1.2664911078e-01   1.1102257143e-01   1.0595890975e-01   9.8736394773e-02   9.3605851851e-02   8.6421031791e-02   8.5202085670e-02   8.2243043444e-02   7.9273318078e-02
   1.2664100099e-01   1.2155677162e-01   1.1252739193e-01   1.0705305265e-01   1.0384064649e-01   9.8006801308e-02   9.5653307586e-02   8.6327542533e-02   7.7863952881e-02   7.0529532005e-02
   1.3253740011e-01   1.2843623416e-01   1.2007622316e-01   1.1290895956e-01   1.0563177459e-01   9.8135578276e-02   9.1703820714e-02   7.8001985973e-02   6.9777826127e-02   6.2790197331e-02
   1.3027732447e-01   1.2153400595e-01   1.1902732652e-01   1.1422070672e-01   1.0273192583e-01   9.1216787745e-02   8.5276264840e-02   8.2545965125e-02   7.8291649011e-02   7.4878043795e-02
   1.2848351044e-01   1.1852489573e-01   1.0718412163e-01   1.0525690730e-01   1.0378726713e-01   9.5383429308e-02   9.0597002712e-02   8.9559367287e-02   8.2983473387e-02   7.8240025083e-02
   1.3241562738e-01   1.2180215706e-01   1.1525837816e-01   1.0889567211e-01   1.0003778254e-01   9.7893330931e-02   8.7785246551e-02   8.2839149426e-02   8.0965361014e-02   7.2107294827e-02
   1.3481075285e-01   1.2937627261e-01   1.0696087181e-01   1.0384428780e-01   1.0154315118e-01   9.6874695838e-02   8.9456485585e-02   8.6090790229e-02   8.3239068600e-02   6.7803623496e-02
   1.2914886471e-01   1.1562135548e-01   1.1327149015e-01   1.0872698367e-01   1.0463799826e-01   9.3168438641e-02   9.0503259525e-02   8.6462980188e-02   8.1276362353e-02   7.7182267018e-02
   1.2939153669e-01   1.2087558497e-01   1.1678293707e-01   1.0348928615e-01   1.0062920912e-01   9.7435871063e-02   9.4031199136e-02   8.3232179006e-02   8.1605351284e-02   7.2526845509e-02
   1.2953330254e-01   1.2456451041e-01   1.1640601857e-01   1.0887168984e-01   1.0101812461e-01   9.9018583206e-02   9.2561940112e-02   8.0665878593e-02   7.5806682090e-02   7.1553270024e-02
   1.3385905440e-01   1.1451229799e-01   1.0984615572e-01   1.0647062448e-01   1.0527421478e-01   9.5815907673e-02   8.9771404139e-02   8.6739619164e-02   8.2121889394e-02   7.5588832259e-02
   1.3248304424e-01   1.2268852301e-01   1.1290160474e-01   1.1162845299e-01   1.0501690668e-01   9.8344964458e-02   8.6663735273e-02   8.3492810897e-02   7.5683238060e-02   7.1096719655e-02
   1.2200627007e-01   1.2057628026e-01   1.1155178942e-01   1.0671995968e-01   1.0412979505e-01   9.9797223900e-02   9.4415164649e-02   8.8869455796e-02   8.1578076798e-02   7.0355984388e-02
   1.4441295098e-01   1.1853661023e-01   1.1261872439e-01   1.0843924249e-01   1.0306528958e-01   9.4371888247e-02   8.5142486962e-02   8.3651366529e-02   7.7903618729e-02   7.1857821863e-02
   1.2522814655e-01   1.1406096782e-01   1.1368711642e-01   1.0841941718e-01   1.0160523607e-01   9.7268318645e-02   9.6022486318e-02   8.4783827157e-02   8.3734912820e-02   7.5189571020e-02
   1.2854118624e-01   1.2084501134e-01   1.1554771259e-01   1.1006641909e-01   1.0210941358e-01   9.9660049352e-02   8.9813926842e-02   8.6058234367e-02   7.9229017792e-02   6.8129028810e-02
   1.3018337040e-01   1.2242550412e-01   1.1826324008e-01   1.1044980264e-01   1.0191051830e-01   9.4983542035e-02   8.7841441991e-02   8.4693559653e-02   8.0457708732e-02   6.8791312043e-02
   1.3412709243e-01   1.1881599206e-01   1.1429195731e-01   1.0785484074e-01   1.0362713042e-01   9.4732541591e-02   8.7939950307e-02   8.5108726182e-02   7.9828130114e-02   7.3673638844e-02
   1.2428054540e-01   1.1776161497e-01   1.1585741187e-01   1.0722434566e-01   9.9810430812e-02   9.7229417084e-02   9.1525569343e-02   8.4869785299e-02   8.4002736583e-02   7.7438142977e-02
   1.3457545661e-01   1.2817822050e-01   1.2021099824e-01   1.0712234776e-01   1.0246742778e-01   9.7612691366e-02   8.1837579795e-02   8.0285159804e-02   7.5730837964e-02   7.1979280189e-02
   1.2777381854e-01   1.2192674648e-01   1.1505031297e-01   1.1207639597e-01   1.0068042554e-01   9.5178091895e-02   8.8851731036e-02   8.6881035409e-02   7.6574761909e-02   7.5006680252e-02
   1.2795237464e-01   1.2350926015e-01   1.1323822147e-01   1.0795857645e-01   1.0704988480e-01   9.1949969508e-02   8.8936462875e-02   8.3047865708e-02   8.0102464831e-02   7.6254919565e-02
   1.3747375172e-01   1.2994479291e-01   1.1855032121e-01   1.0579383020e-01   9.9227569999e-02   9.2626174478e-02   8.6591098495e-02   8.3781758809e-02   7.4600980525e-02   7.1409721647e-02
   1.2894228263e-01   1.1538465674e-01   1.1291050702e-01   1.1089244341e-01   1.0405049793e-01   9.8772479581e-02   9.5431561154e-02   8.3623244921e-02   7.9218018288e-02   7.0774308326e-02
   1.3202617759e-01   1.2466193075e-01   1.1998141707e-01   1.0932472457e-01   1.0257996695e-01   9.9582545300e-02   8.6980940897e-02   7.8609978332e-02   7.6320442761e-02   6.9931875766e-02
   1.2578580351e-01   1.2274493455e-01   1.1869593347e-01   1.1178233066e-01   1.0833563078e-01   9.8422595033e-02   8.9214390349e-02   7.8936444264e-02   7.6495682155e-02   6.9586255224e-02
   1.4974913224e-01   1.2271436399e-01   1.1079159900e-01   1.0801086908e-01   1.0091879328e-01   9.4644287212e-02   8.5817363968e-02   8.1921524767e-02   7.8496432444e-02   6.6935634019e-02
   1.3545844206e-01   1.2898348850e-01   1.2036832720e-01   1.1109079823e-01   1.0477032809e-01   9.1267118081e-02   8.6308171159e-02   8.0053772601e-02   7.4020677805e-02   6.7678876279e-02
   1.3414618020e-01   1.2047917877e-01   1.1877841668e-01   1.0902446747e-01   1.0190482166e-01   9.9278743204e-02   8.7714005102e-02   7.9406663631e-02   7.7897137557e-02   7.1370385725e-02
   1.4079380443e-01   1.2252892813e-01   1.1115574634e-01   1.0528306841e-01   9.8366367756e-02   9.8022620207e-02   9.3404897504e-02   8.3624274353e-02   7.5988977325e-02   7.0831315546e-02
   1.3415141577e-01   1.2454286545e-01   1.1523609854e-01   1.0900432673e-01   1.0073350769e-01   9.8960450460e-02   8.8723215658e-02   8.0474674761e-02   7.8640316667e-02   6.9533128285e-02
   1.2954100386e-01   1.1443963991e-01   1.1094182988e-01   1.0434831841e-01   1.0000942350e-01   9.7504940422e-02   9.6182683671e-02   9.1926713400e-02   8.1899045281e-02   7.3206401663e-02
   1.3444336622e-01   1.2332810104e-01   1.1861819131e-01   1.0886075742e-01   1.0472810050e-01   9.3020576012e-02   9.1142824925e-02   8.0712827110e-02   8.0483915722e-02   6.4661339739e-02
   1.2890009369e-01   1.1632706708e-01   1.1092682975e-01   1.0495810363e-01   1.0254831353e-01   9.8032821066e-02   9.1454358896e-02   8.8337834502e-02   7.9977939047e-02   7.8536638809e-02
   1.2855312015e-01   1.2237243329e-01   1.1567155856e-01   1.0915772790e-01   1.0146208783e-01   9.5535090432e-02   9.1741937088e-02   8.3047284649e-02   7.9900978651e-02   7.2557781440e-02
   1.3126308543e-01   1.1358358932e-01   1.1085222900e-01   1.0381057843e-01   1.0141729334e-01   9.6447609941e-02   9.5750485291e-02   8.9049769678e-02   8.1690451927e-02   7.6134907650e-02
   1.3075597951e-01   1.2623864752e-01   1.2111789238e-01   1.0677214458e-01   1.0274093797e-01   9.2631878015e-02   9.1012461617e-02   8.4646942345e-02   7.6857391908e-02   6.7225724155e-02
   1.3492890772e-01   1.2811484922e-01   1.2008963979e-01   1.0151122065e-01   1.0085625467e-01   9.4169819411e-02   8.8308432662e-02   8.2413789209e-02   7.7196037699e-02   7.2411048964e-02
   1.2894718024e-01   1.2882483902e-01   1.1179534362e-01   1.0735265997e-01   1.0478918833e-01   9.1982709384e-02   8.7727856312e-02   8.2824876841e-02   7.9223546964e-02   7.6531799306e-02
   1.2957206840e-01   1.1718362274e-01   1.1423500372e-01   1.0961357730e-01   1.0642818719e-01   1.0025665654e-01   8.6251795386e-02   8.2355345873e-02   7.8311624941e-02   7.5792117902e-02
   1.2484599391e-01   1.2013146498e-01   1.1627543706e-01   1.1188428807e-01   9.7264924489e-02   9.4824183379e-02   9.0835756092e-02   8.9413270847e-02   7.9755356321e-02   7.4769324848e-02
   1.3392295984e-01   1.2545971283e-01   1.2161924999e-01   1.0769827832e-01   1.0503342724e-01   9.4597139982e-02   8.9025134059e-02   8.3490808651e-02   7.1951589027e-02   6.7201700059e-02
   1.2853637972e-01   1.2458015154e-01   1.1594752454e-01   1.0977498791e-01   1.0015696198e-01   9.6153594636e-02   8.9182130339e-02   8.5326984478e-02   8.1250930522e-02   6.9090354325e-02
   1.2714110841e-01   1.2208750943e-01   1.1659911151e-01   1.0812459927e-01   1.0314955331e-01   9.8186270705e-02   9.3235091424e-02   8.1065078065e-02   7.6699040369e-02   7.3712637501e-02
   1.2510093225e-01   1.1658904958e-01   1.1049487818e-01   1.0737504051e-01   1.0423029236e-01   1.0109965694e-01   9.2406961052e-02   8.8083615053e-02   7.8412118853e-02   7.6207455228e-02
   1.3269178217e-01   1.2671768963e-01   1.1596303442e-01   1.0435616200e-01   9.6383386542e-02   9.5366833461e-02   9.1426053737e-02   8.5225895189e-02   7.8179048798e-02   7.3690114051e-02
   1.2854919868e-01   1.1939978659e-01   1.1404992675e-01   1.0764785985e-01   9.9473633580e-02   9.3633702232e-02   9.0506496393e-02   8.5493224035e-02   8.0900423874e-02   8.0345748018e-02
   1.3314154955e-01   1.1853923762e-01   1.1302671188e-01   1.0480080673e-01   1.0429702198e-01   1.0252274043e-01   9.0347811975e-02   8.2367061475e-02   7.8290627578e-02   7.2666430770e-02
   1.3840851442e-01   1.2463800398e-01   1.0852122704e-01   1.0182264651e-01   9.7824074372e-02   9.5212989890e-02   9.4314119032e-02   8.8407465012e-02   8.2179834273e-02   6.8671125472e-02
   1.2686126826e-01   1.1871825739e-01   1.1349430271e-01   1.0741235194e-01   1.0308600034e-01   9.4162124919e-02   8.9921807143e-02   8.8102299164e-02   8.3247948637e-02   7.4993639507e-02
   1.2896619138e-01   1.2447688089e-01   1.1783809731e-01   1.1028060113e-01   9.7194314585e-02   9.2822090536e-02   8.6889666091e-02   8.5103428886e-02   8.3234608774e-02   7.3194120419e-02
   1.2517899943e-01   1.2244296978e-01   1.1824251705e-01   1.1610351746e-01   1.0565236192e-01   9.1804160266e-02   9.0136448731e-02   8.2371050960e-02   7.9210665252e-02   6.8857309147e-02
   1.3133072967e-01   1.2200530280e-01   1.0965661088e-01   1.0471033278e-01   1.0152067026e-01   9.5948915795e-02   9.1917598451e-02   8.7654453119e-02   8.2221140171e-02   7.3034246065e-02
   1.3697269458e-01   1.2035958705e-01   1.1729201692e-01   1.1038840619e-01   1.0335455954e-01   9.4392117559e-02   8.6033014758e-02   8.0395503303e-02   7.7698677998e-02   7.3113422110e-02
   1.2984659649e-01   1.1742571441e-01   1.1112686811e-01   1.0486097746e-01   1.0051655852e-01   9.9165347191e-02   9.5825421803e-02   8.7503920322e-02   8.1595946997e-02   7.2132648700e-02
   1.3270711215e-01   1.2067838042e-01   1.1566427592e-01   1.0699297068e-01   9.8394546876e-02   9.4043050338e-02   8.8025644221e-02   8.6712571678e-02   8.2324125733e-02   7.4457321974e-02
   1.3131333338e-01   1.2994245655e-01   1.1971620127e-01   1.0722071495e-01   9.8477033329e-02   9.3803864881e-02   9.1125154708e-02   8.6176442450e-02   7.6178377463e-02   6.6046421017e-02
   1.3509287977e-01   1.2381920215e-01   1.0721777036e-01   1.0588749110e-01   1.0076210183e-01   1.0018795697e-01   9.3273387664e-02   8.1493389634e-02   7.8274784880e-02   7.3991035650e-02
   1.2598533574e-01   1.2213865757e-01   1.1586695275e-01   1.0831017512e-01   1.0038766060e-01   9.7436481242e-02   8.8613924439e-02   8.7665336743e-02   8.2683267547e-02   7.0912208252e-02
   1.2940281275e-01   1.2559719201e-01   1.1735384800e-01   1.0762816193e-01   1.0300639367e-01   9.5909580030e-02   9.0718894886e-02   8.6288941846e-02   7.4405692863e-02   6.9688482016e-02
   1.3478266861e-01   1.1627793529e-01   1.1373686345e-01   1.0552694839e-01   1.0213608938e-01   9.8386581885e-02   9.3541983949e-02   8.0138774858e-02   7.9190042951e-02   7.6282111228e-02
   1.2739884158e-01   1.2420309789e-01   1.1486473394e-01   1.0678662476e-01   1.0358807817e-01   9.8599873618e-02   8.8119895555e-02   8.4503060091e-02   7.9670876991e-02   7.2264917403e-02
   1.3056053589e-01   1.2484301393e-01   1.0793029176e-01   1.0671448256e-01   1.0414927077e-01   9.6660342493e-02   9.5159812014e-02   8.7089777896e-02   7.8014419138e-02   6.8878053560e-02
   1.3150910029e-01   1.2144976552e-01   1.1316606865e-01   1.1105762337e-01   1.0075757040e-01   9.8688803343e-02   8.5252800710e-02   8.2803973991e-02   7.9809162387e-02   7.5505131350e-02
